73285645,67108243
73285645,67108244
73285645,67108282
73285645,67108322
73285645,67108323
73285645,67108324
73285645,67108325
73285645,67108326
73285645,67108327
73285645,67108328
73285645,67108329
73285645,67108330
73285645,67108391
73285645,67108392
73285645,67108393
73285645,67108394
73285645,67108395
73285645,67108396
73285645,67108397
73285645,67108398
73285645,67108399
73285645,67108633
73285645,67108634
73285645,67108635
73285645,67108636
73285645,67108637
73285645,67108638
73285645,67108639
73285645,67108640
73285645,67108641
73285645,67108817
73285645,67108818
2198569350,67108241
2198569350,67108284
2198569350,67108358
2198569350,67108359
2198569350,67108360
2198569350,67108361
2198569350,67108362
2198569350,67108363
2198569350,67108364
2198569350,67108365
2198569350,67108366
2198569350,67108367
2198569350,67108368
2198569350,67108369
2198569350,67108601
2198569350,67108602
2198569350,67108603
2198569350,67108604
2198569350,67108605
2198569350,67108606
2198569350,67108607
2198569350,67108608
2198569350,67108609
2198569350,67108610
2198569350,67108611
2198569350,67108816
2271854995,67108370
2271854995,67108371
2271854995,67108372
2271854995,67108373
2271854995,67108374
2271854995,67108375
2271854995,67108376
2271854995,67108377
2271854995,67108378
2271854995,67108379
2271854995,67108380
2271854995,67108381
2271854995,67108382
2271854995,67108383
2271854995,67108384
2271854995,67108612
2271854995,67108613
2271854995,67108614
2271854995,67108615
2271854995,67108616
2271854995,67108617
2271854995,67108618
2271854995,67108619
2271854995,67108620
2271854995,67108621
2271854995,67108622
2271854995,67108623
2271854995,67108624
2271854995,67108625
2271854995,67108626
4397138700,131259
4397138700,67108385
4397138700,67108386
4397138700,67108387
4397138700,67108388
4397138700,67108389
4397138700,67108390
4397138700,67108486
4397138700,67108627
4397138700,67108628
4397138700,67108629
4397138700,67108630
4397138700,67108631
4397138700,67108632
4470424345,67108331
4470424345,67108332
4470424345,67108333
4470424345,67108334
4470424345,67108335
4470424345,67108336
4470424345,67108337
4470424345,67108338
4470424345,67108339
4470424345,67108340
4470424345,67108341
4470424345,67108342
4470424345,67108343
4470424345,67108450
4470424345,67108573
4470424345,67108574
4470424345,67108575
4470424345,67108576
4470424345,67108577
4470424345,67108578
4470424345,67108579
4470424345,67108580
4470424345,67108581
4470424345,67108582
4470424345,67108583
4470424345,67108584
4470424345,67108585
4470424345,67108815
4470424345,67108820
4470424345,67108821
4470424345,67108822
6595708050,131260
6595708050,67108445
6595708050,67108455
6595708050,67108457
6595708050,67108460
6595708050,67108461
6595708050,67108462
6595708050,67108463
6595708050,67108464
6595708050,67108465
6595708050,67108466
6595708050,67108467
6595708050,67108468
6595708050,67108642
6595708050,67108697
6595708050,67108699
6595708050,67108700
6595708050,67108702
6595708050,67108703
6595708050,67108704
6595708050,67108705
6595708050,67108706
6595708050,67108707
6595708050,67108708
6595708050,67108709
6595708050,67108710
6595708050,67108819
6595708050,67108823
6668993695,67108446
6668993695,67108447
6668993695,67108448
6668993695,67108449
6668993695,67108451
6668993695,67108452
6668993695,67108453
6668993695,67108454
6668993695,67108456
6668993695,67108458
6668993695,67108459
6668993695,67108469
6668993695,67108470
6668993695,67108471
6668993695,67108472
6668993695,67108688
6668993695,67108689
6668993695,67108690
6668993695,67108691
6668993695,67108692
6668993695,67108693
6668993695,67108694
6668993695,67108695
6668993695,67108698
6668993695,67108701
6668993695,67108711
6668993695,67108712
6668993695,67108713
6668993695,67108714
6668993695,67108715
8794277400,67108400
8794277400,67108401
8794277400,67108402
8794277400,67108403
8794277400,67108404
8794277400,67108405
8794277400,67108406
8794277400,67108407
8794277400,67108473
8794277400,67108643
8794277400,67108644
8794277400,67108645
8794277400,67108646
8794277400,67108647
8794277400,67108648
8794277400,67108649
8794277400,67108650
8794277400,67108696
8794277400,67108716
8867563045,67108344
8867563045,67108474
8867563045,67108476
8867563045,67108477
8867563045,67108478
8867563045,67108479
8867563045,67108480
8867563045,67108481
8867563045,67108482
8867563045,67108483
8867563045,67108484
8867563045,67108488
8867563045,67108490
8867563045,67108550
8867563045,67108572
8867563045,67108586
8867563045,67108587
8867563045,67108718
8867563045,67108719
8867563045,67108720
8867563045,67108721
8867563045,67108722
8867563045,67108723
8867563045,67108724
8867563045,67108726
8867563045,67108727
8867563045,67108729
8867563045,67108732
