73285645,67108243
73285645,67108244
73285645,67108282
73285645,67108322
73285645,67108323
73285645,67108324
73285645,67108325
73285645,67108326
73285645,67108327
73285645,67108328
73285645,67108329
73285645,67108330
73285645,67108391
73285645,67108392
73285645,67108393
73285645,67108394
73285645,67108395
73285645,67108396
73285645,67108397
73285645,67108398
73285645,67108399
73285645,67108633
73285645,67108634
73285645,67108635
73285645,67108636
73285645,67108637
73285645,67108638
73285645,67108639
73285645,67108640
73285645,67108641
73285645,67108817
73285645,67108818
2198569350,67108241
2198569350,67108284
2198569350,67108358
2198569350,67108359
2198569350,67108360
2198569350,67108361
2198569350,67108362
2198569350,67108363
2198569350,67108364
2198569350,67108365
2198569350,67108366
2198569350,67108367
2198569350,67108368
2198569350,67108369
2198569350,67108601
2198569350,67108602
2198569350,67108603
2198569350,67108604
2198569350,67108605
2198569350,67108606
2198569350,67108607
2198569350,67108608
2198569350,67108609
2198569350,67108610
2198569350,67108611
2198569350,67108816
2271854995,67108370
2271854995,67108371
2271854995,67108372
2271854995,67108373
2271854995,67108374
2271854995,67108375
2271854995,67108376
2271854995,67108377
2271854995,67108378
2271854995,67108379
2271854995,67108380
2271854995,67108381
2271854995,67108382
2271854995,67108383
2271854995,67108384
2271854995,67108612
2271854995,67108613
2271854995,67108614
2271854995,67108615
2271854995,67108616
2271854995,67108617
2271854995,67108618
2271854995,67108619
2271854995,67108620
2271854995,67108621
2271854995,67108622
2271854995,67108623
2271854995,67108624
2271854995,67108625
2271854995,67108626
4397138700,131259
4397138700,67108385
4397138700,67108386
4397138700,67108387
4397138700,67108388
4397138700,67108389
4397138700,67108390
4397138700,67108486
4397138700,67108627
4397138700,67108628
4397138700,67108629
4397138700,67108630
4397138700,67108631
4397138700,67108632
4470424345,67108331
4470424345,67108332
4470424345,67108333
4470424345,67108334
4470424345,67108335
4470424345,67108336
4470424345,67108337
4470424345,67108338
4470424345,67108339
4470424345,67108340
4470424345,67108341
4470424345,67108342
4470424345,67108343
4470424345,67108450
4470424345,67108573
4470424345,67108574
4470424345,67108575
4470424345,67108576
4470424345,67108577
4470424345,67108578
4470424345,67108579
4470424345,67108580
4470424345,67108581
4470424345,67108582
4470424345,67108583
4470424345,67108584
4470424345,67108585
4470424345,67108815
4470424345,67108820
4470424345,67108821
4470424345,67108822
6595708050,131260
6595708050,67108445
6595708050,67108455
6595708050,67108457
6595708050,67108460
6595708050,67108461
6595708050,67108462
6595708050,67108463
6595708050,67108464
6595708050,67108465
6595708050,67108466
6595708050,67108467
6595708050,67108468
6595708050,67108642
6595708050,67108697
6595708050,67108699
6595708050,67108700
6595708050,67108702
6595708050,67108703
6595708050,67108704
6595708050,67108705
6595708050,67108706
6595708050,67108707
6595708050,67108708
6595708050,67108709
6595708050,67108710
6595708050,67108819
6595708050,67108823
6668993695,67108447
6668993695,67108449
6668993695,67108459
6668993695,67108469
6668993695,67108470
6668993695,67108472
6668993695,67108691
6668993695,67108693
6668993695,67108711
6668993695,67108712
6668993695,67108715
