73285645,67108533
73285645,67108534
73285645,67108549
73285645,67108565
73285645,67108566
73285645,67108567
73285645,67108568
73285645,67108569
73285645,67108570
73285645,67108571
73285645,67108572
73285645,67108573
73285645,67108604
73285645,67108605
73285645,67108606
73285645,67108607
73285645,67108608
73285645,67108609
73285645,67108610
73285645,67108611
73285645,67108612
73285645,67108613
73285645,67108614
73285645,67108615
73285645,67108616
73285645,67108617
73285645,67108618
73285645,67108619
73285645,67108620
73285645,67108621
73285645,67108622
73285645,67108623
73285645,67108624
73285645,67108625
73285645,67108626
73285645,67108627
73285645,67108628
73285645,67108629
73285645,67108630
73285645,67108631
73285645,67108632
73285645,67108633
73285645,67108634
73285645,67108635
73285645,67108636
73285645,67108637
73285645,67108638
73285645,67108639
73285645,67108640
73285645,67108641
73285645,67108642
73285645,67108643
73285645,67108644
73285645,67108645
73285645,67108646
73285645,67108647
73285645,67108648
73285645,67108649
73285645,67108650
73285645,67108651
73285645,67108652
73285645,67108653
73285645,67108654
73285645,67108655
73285645,67108656
73285645,67108657
73285645,67108658
73285645,67108659
73285645,67108660
73285645,67108661
73285645,67108662
73285645,67108663
73285645,67108664
73285645,67108665
73285645,67108666
73285645,67108667
73285645,67108668
73285645,67108669
73285645,67108670
73285645,67108671
73285645,67108672
73285645,67108673
73285645,67108674
73285645,67108675
73285645,67108676
73285645,67108677
73285645,67108816
73285645,67108817
73285645,67108818
73285645,67108819
