732856447,67104578
732856447,67104579
732856447,67104580
732856447,67104581
732856447,67104585
732856447,67104586
732856447,67104587
732856447,67104589
732856447,67104590
732856447,67104592
732856447,67104595
732856447,67104601
732856447,67104604
732856447,67104605
732856447,67104606
732856447,67104608
732856447,67104609
732856447,67104610
732856447,67104611
732856447,67104612
732856447,67104613
732856447,67104614
732856447,67104615
732856447,67104616
732856447,67104617
732856447,67104618
732856447,67104619
732856447,67104620
732856447,67104621
732856447,67104622
732856447,67104623
732856447,67104624
732856447,67104625
732856447,67104626
732856447,67104627
732856447,67104628
732856447,67104629
732856447,67104630
732856447,67104631
732856447,67104632
732856447,67104633
732856447,67104634
732856447,67104635
732856447,67104636
732856447,67104637
732856447,67104638
732856447,67104639
732856447,67104640
732856447,67104641
732856447,67104642
732856447,67104643
732856447,67104644
732856447,67104645
732856447,67104646
732856447,67104647
732856447,67104648
732856447,67104649
732856447,67104650
732856447,67104651
732856447,67104652
732856447,67104653
732856447,67104654
732856447,67104655
732856447,67104656
732856447,67104657
732856447,67104658
732856447,67104659
732856447,67104660
732856447,67104661
732856447,67104662
732856447,67104663
732856447,67104664
732856447,67104665
732856447,67104666
732856447,67104667
732856447,67104668
