732856447,67104609
732856447,67104613
732856447,67104615
732856447,67104616
732856447,67104618
732856447,67104621
732856447,67104622
732856447,67104623
732856447,67104624
732856447,67104625
732856447,67104627
732856447,67104628
732856447,67104629
732856447,67104630
732856447,67104631
732856447,67104633
732856447,67104635
732856447,67104637
732856447,67104639
732856447,67104640
732856447,67104641
732856447,67104642
732856447,67104644
732856447,67104645
732856447,67104647
732856447,67104648
732856447,67104649
732856447,67104650
732856447,67104651
732856447,67104653
732856447,67104655
732856447,67104656
732856447,67104657
732856447,67104658
732856447,67104661
732856447,67104662
732856447,67104663
732856447,67104665
