732856447,67104573
732856447,67104574
732856447,67104575
732856447,67104576
732856447,67104577
732856447,67104578
732856447,67104579
732856447,67104580
732856447,67104581
732856447,67104582
732856447,67104583
732856447,67104584
732856447,67104585
732856447,67104586
732856447,67104587
732856447,67104588
732856447,67104589
732856447,67104590
732856447,67104591
732856447,67104592
732856447,67104593
732856447,67104594
732856447,67104595
732856447,67104596
732856447,67104597
732856447,67104598
732856447,67104599
732856447,67104600
732856447,67104601
732856447,67104602
732856447,67104603
732856447,67104604
732856447,67104605
732856447,67104606
732856447,67104607
732856447,67104608
732856447,67104609
732856447,67104610
732856447,67104611
732856447,67104612
732856447,67104613
732856447,67104614
732856447,67104615
732856447,67104616
732856447,67104617
732856447,67104618
732856447,67104619
732856447,67104620
732856447,67104621
732856447,67104622
732856447,67104623
732856447,67104624
732856447,67104625
732856447,67104626
732856447,67104627
732856447,67104628
732856447,67104629
732856447,67104630
732856447,67104631
732856447,67104632
732856447,67104633
732856447,67104634
732856447,67104635
732856447,67104636
732856447,67104637
732856447,67104638
732856447,67104639
732856447,67104640
732856447,67104641
732856447,67104642
732856447,67104643
732856447,67104644
732856447,67104645
732856447,67104646
732856447,67104647
732856447,67104648
732856447,67104649
732856447,67104650
732856447,67104651
732856447,67104652
732856447,67104653
732856447,67104654
732856447,67104655
732856447,67104656
732856447,67104657
732856447,67104658
732856447,67104659
732856447,67104660
732856447,67104661
732856447,67104662
732856447,67104663
732856447,67104664
732856447,67104665
732856447,67104666
732856447,67104667
732856447,67104668
732856447,67104669
732856447,67104670
732856447,67104671
732856447,67104672
732856447,67104673
732856447,67104674
732856447,67104675
732856447,67104676
732856447,67104677
732856447,67104678
732856447,67104679
732856447,67104680
732856447,67104681
732856447,67104682
732856447,67104683
732856447,67104684
732856447,67104685
732856447,67104686
732856447,67104687
732856447,67104688
732856447,67104689
732856447,67104690
732856447,67104691
732856447,67104692
732856447,67104693
732856447,67104694
732856447,67104695
732856447,67104696
732856447,67104697
732856447,67104698
732856447,67104699
732856447,67104700
