73285645,67108243
73285645,67108244
73285645,67108282
73285645,67108322
73285645,67108323
73285645,67108324
73285645,67108325
73285645,67108326
73285645,67108327
73285645,67108328
73285645,67108329
73285645,67108330
73285645,67108398
73285645,67108399
73285645,67108641
73285645,67108818
2198569350,67108241
2198569350,67108284
2198569350,67108366
2198569350,67108367
2198569350,67108368
2198569350,67108369
2198569350,67108609
2198569350,67108610
2198569350,67108611
2198569350,67108816
2198569350,67108817
2271854995,67108370
2271854995,67108371
2271854995,67108372
2271854995,67108373
2271854995,67108374
2271854995,67108375
2271854995,67108376
2271854995,67108378
2271854995,67108612
2271854995,67108613
2271854995,67108614
2271854995,67108615
2271854995,67108616
2271854995,67108617
2271854995,67108618
4397138700,67108379
4397138700,67108380
4397138700,67108381
4397138700,67108382
4397138700,67108383
4397138700,67108384
4397138700,67108385
4397138700,67108486
4397138700,67108621
4397138700,67108622
4397138700,67108623
4397138700,67108624
4397138700,67108625
4397138700,67108626
4397138700,67108627
4470424345,67108331
4470424345,67108332
4470424345,67108333
4470424345,67108334
4470424345,67108335
4470424345,67108450
4470424345,67108573
4470424345,67108574
4470424345,67108575
4470424345,67108576
4470424345,67108577
4470424345,67108578
4470424345,67108620
4470424345,67108815
4470424345,67108821
4470424345,67108822
6595708050,67108377
6595708050,67108386
6595708050,67108387
6595708050,67108388
6595708050,67108389
6595708050,67108390
6595708050,67108445
6595708050,67108619
6595708050,67108628
6595708050,67108629
6595708050,67108630
6595708050,67108631
6595708050,67108632
