73285645,44739431
73285645,67108241
73285645,67108242
73285645,67108243
73285645,67108244
73285645,67108282
73285645,67108322
73285645,67108323
73285645,67108324
73285645,67108325
73285645,67108326
73285645,67108327
73285645,67108328
73285645,67108329
73285645,67108330
73285645,67108331
73285645,67108332
73285645,67108333
73285645,67108334
73285645,67108335
73285645,67108336
73285645,67108337
73285645,67108338
73285645,67108339
73285645,67108340
73285645,67108341
73285645,67108342
73285645,67108343
73285645,67108344
73285645,67108345
73285645,67108346
73285645,67108347
73285645,67108348
73285645,67108349
73285645,67108350
73285645,67108351
73285645,67108352
73285645,67108353
73285645,67108354
73285645,67108355
73285645,67108356
73285645,67108357
73285645,67108358
73285645,67108359
73285645,67108360
73285645,67108361
73285645,67108362
73285645,67108363
73285645,67108364
73285645,67108365
73285645,67108366
73285645,67108367
73285645,67108368
73285645,67108369
73285645,67108370
73285645,67108371
73285645,67108372
73285645,67108373
73285645,67108374
73285645,67108375
73285645,67108376
73285645,67108377
73285645,67108378
73285645,67108379
73285645,67108380
73285645,67108381
73285645,67108382
73285645,67108383
73285645,67108384
73285645,67108385
73285645,67108386
73285645,67108387
73285645,67108388
73285645,67108389
73285645,67108390
73285645,67108391
73285645,67108392
73285645,67108393
73285645,67108394
73285645,67108395
73285645,67108396
73285645,67108397
73285645,67108398
73285645,67108399
73285645,67108469
73285645,67108548
73285645,67108569
73285645,67108573
73285645,67108574
73285645,67108575
73285645,67108576
73285645,67108577
73285645,67108578
73285645,67108579
73285645,67108580
73285645,67108581
73285645,67108582
73285645,67108583
73285645,67108584
73285645,67108585
73285645,67108586
73285645,67108587
73285645,67108588
73285645,67108589
73285645,67108590
73285645,67108591
73285645,67108592
73285645,67108593
73285645,67108594
73285645,67108595
73285645,67108596
73285645,67108597
73285645,67108598
73285645,67108599
73285645,67108600
73285645,67108601
73285645,67108602
73285645,67108603
73285645,67108604
73285645,67108605
73285645,67108606
73285645,67108607
73285645,67108608
73285645,67108609
73285645,67108610
73285645,67108611
73285645,67108612
73285645,67108613
73285645,67108614
73285645,67108615
73285645,67108616
73285645,67108617
73285645,67108618
73285645,67108619
73285645,67108620
73285645,67108621
73285645,67108622
73285645,67108623
73285645,67108624
73285645,67108625
73285645,67108626
73285645,67108627
73285645,67108628
73285645,67108629
73285645,67108630
73285645,67108631
73285645,67108632
73285645,67108633
73285645,67108634
73285645,67108635
73285645,67108636
73285645,67108637
73285645,67108638
73285645,67108639
73285645,67108640
73285645,67108641
73285645,67108712
73285645,67108791
73285645,67108812
73285645,67108815
73285645,67108816
73285645,67108817
73285645,67108818
73285645,67108823
73285645,67108829
73285645,67108830
73285645,67108831
2198569350,67108284
2198569350,67108535
2198569350,67108778
2198569350,67108799
2198569350,67108819
2198569350,67108821
2198569350,67108822
