73285645,44739431
73285645,67108241
73285645,67108242
73285645,67108243
73285645,67108244
73285645,67108282
73285645,67108322
73285645,67108323
73285645,67108324
73285645,67108325
73285645,67108326
73285645,67108327
73285645,67108328
73285645,67108329
73285645,67108330
73285645,67108331
73285645,67108332
73285645,67108333
73285645,67108334
73285645,67108335
73285645,67108336
73285645,67108337
73285645,67108338
73285645,67108339
73285645,67108340
73285645,67108341
73285645,67108342
73285645,67108343
73285645,67108344
73285645,67108345
73285645,67108346
73285645,67108347
73285645,67108348
73285645,67108349
73285645,67108350
73285645,67108351
73285645,67108352
73285645,67108353
73285645,67108354
73285645,67108355
73285645,67108356
73285645,67108357
73285645,67108358
73285645,67108359
73285645,67108360
73285645,67108361
73285645,67108362
73285645,67108363
73285645,67108364
73285645,67108365
73285645,67108366
73285645,67108367
73285645,67108368
73285645,67108369
73285645,67108370
73285645,67108371
73285645,67108372
73285645,67108373
73285645,67108374
73285645,67108375
73285645,67108376
73285645,67108377
73285645,67108378
73285645,67108379
73285645,67108380
73285645,67108381
73285645,67108382
73285645,67108383
73285645,67108384
73285645,67108385
73285645,67108386
73285645,67108387
73285645,67108388
73285645,67108389
73285645,67108390
73285645,67108391
73285645,67108392
73285645,67108393
73285645,67108394
73285645,67108395
73285645,67108396
73285645,67108397
73285645,67108398
73285645,67108399
73285645,67108469
73285645,67108548
73285645,67108569
73285645,67108573
73285645,67108574
73285645,67108575
73285645,67108576
73285645,67108577
73285645,67108578
73285645,67108579
73285645,67108580
73285645,67108581
73285645,67108582
73285645,67108583
73285645,67108584
73285645,67108585
73285645,67108586
73285645,67108587
73285645,67108588
73285645,67108589
73285645,67108590
73285645,67108591
73285645,67108592
73285645,67108593
73285645,67108594
73285645,67108595
73285645,67108596
73285645,67108597
73285645,67108598
73285645,67108599
73285645,67108600
73285645,67108601
73285645,67108602
73285645,67108603
73285645,67108604
73285645,67108605
73285645,67108606
73285645,67108607
73285645,67108608
73285645,67108609
73285645,67108610
73285645,67108611
73285645,67108612
73285645,67108613
73285645,67108614
73285645,67108615
73285645,67108616
73285645,67108617
73285645,67108618
73285645,67108619
73285645,67108620
73285645,67108621
73285645,67108622
73285645,67108623
73285645,67108624
73285645,67108625
73285645,67108626
73285645,67108627
73285645,67108628
73285645,67108629
73285645,67108630
73285645,67108631
73285645,67108632
73285645,67108633
73285645,67108634
73285645,67108635
73285645,67108636
73285645,67108637
73285645,67108638
73285645,67108639
73285645,67108640
73285645,67108641
73285645,67108712
73285645,67108791
73285645,67108812
73285645,67108815
73285645,67108816
73285645,67108817
73285645,67108818
73285645,67108823
73285645,67108829
73285645,67108830
73285645,67108831
2198569350,67108245
2198569350,67108246
2198569350,67108247
2198569350,67108248
2198569350,67108249
2198569350,67108250
2198569350,67108251
2198569350,67108283
2198569350,67108284
2198569350,67108400
2198569350,67108401
2198569350,67108402
2198569350,67108403
2198569350,67108404
2198569350,67108405
2198569350,67108406
2198569350,67108407
2198569350,67108408
2198569350,67108409
2198569350,67108410
2198569350,67108411
2198569350,67108412
2198569350,67108413
2198569350,67108414
2198569350,67108415
2198569350,67108416
2198569350,67108417
2198569350,67108418
2198569350,67108419
2198569350,67108420
2198569350,67108421
2198569350,67108422
2198569350,67108423
2198569350,67108424
2198569350,67108425
2198569350,67108426
2198569350,67108427
2198569350,67108428
2198569350,67108429
2198569350,67108430
2198569350,67108431
2198569350,67108432
2198569350,67108433
2198569350,67108434
2198569350,67108435
2198569350,67108436
2198569350,67108437
2198569350,67108438
2198569350,67108439
2198569350,67108440
2198569350,67108441
2198569350,67108442
2198569350,67108443
2198569350,67108444
2198569350,67108445
2198569350,67108446
2198569350,67108447
2198569350,67108448
2198569350,67108449
2198569350,67108450
2198569350,67108451
2198569350,67108452
2198569350,67108453
2198569350,67108454
2198569350,67108455
2198569350,67108456
2198569350,67108457
2198569350,67108458
2198569350,67108459
2198569350,67108460
2198569350,67108461
2198569350,67108462
2198569350,67108463
2198569350,67108464
2198569350,67108465
2198569350,67108466
2198569350,67108467
2198569350,67108468
2198569350,67108470
2198569350,67108471
2198569350,67108472
2198569350,67108473
2198569350,67108474
2198569350,67108475
2198569350,67108476
2198569350,67108477
2198569350,67108478
2198569350,67108479
2198569350,67108480
2198569350,67108481
2198569350,67108482
2198569350,67108483
2198569350,67108484
2198569350,67108485
2198569350,67108486
2198569350,67108487
2198569350,67108488
2198569350,67108489
2198569350,67108490
2198569350,67108491
2198569350,67108492
2198569350,67108493
2198569350,67108494
2198569350,67108495
2198569350,67108496
2198569350,67108497
2198569350,67108498
2198569350,67108499
2198569350,67108500
2198569350,67108501
2198569350,67108502
2198569350,67108503
2198569350,67108504
2198569350,67108505
2198569350,67108506
2198569350,67108507
2198569350,67108508
2198569350,67108509
2198569350,67108510
2198569350,67108511
2198569350,67108512
2198569350,67108513
2198569350,67108514
2198569350,67108515
2198569350,67108516
2198569350,67108517
2198569350,67108518
2198569350,67108519
2198569350,67108520
2198569350,67108521
2198569350,67108522
2198569350,67108523
2198569350,67108524
2198569350,67108525
2198569350,67108526
2198569350,67108527
2198569350,67108528
2198569350,67108529
2198569350,67108530
2198569350,67108531
2198569350,67108532
2198569350,67108533
2198569350,67108534
2198569350,67108535
2198569350,67108536
2198569350,67108537
2198569350,67108538
2198569350,67108539
2198569350,67108540
2198569350,67108541
2198569350,67108542
2198569350,67108543
2198569350,67108544
2198569350,67108545
2198569350,67108546
2198569350,67108547
2198569350,67108549
2198569350,67108550
2198569350,67108551
2198569350,67108552
2198569350,67108553
2198569350,67108554
2198569350,67108555
2198569350,67108556
2198569350,67108557
2198569350,67108558
2198569350,67108559
2198569350,67108560
2198569350,67108561
2198569350,67108562
2198569350,67108563
2198569350,67108564
2198569350,67108565
2198569350,67108566
2198569350,67108567
2198569350,67108568
2198569350,67108570
2198569350,67108571
2198569350,67108572
2198569350,67108642
2198569350,67108643
2198569350,67108644
2198569350,67108645
2198569350,67108646
2198569350,67108647
2198569350,67108648
2198569350,67108649
2198569350,67108650
2198569350,67108651
2198569350,67108652
2198569350,67108653
2198569350,67108654
2198569350,67108655
2198569350,67108656
2198569350,67108657
2198569350,67108658
2198569350,67108659
2198569350,67108660
2198569350,67108661
2198569350,67108662
2198569350,67108663
2198569350,67108664
2198569350,67108665
2198569350,67108666
2198569350,67108667
2198569350,67108668
2198569350,67108669
2198569350,67108670
2198569350,67108671
2198569350,67108672
2198569350,67108673
2198569350,67108674
2198569350,67108675
2198569350,67108676
2198569350,67108677
2198569350,67108678
2198569350,67108679
2198569350,67108680
2198569350,67108681
2198569350,67108682
2198569350,67108683
2198569350,67108684
2198569350,67108685
2198569350,67108686
2198569350,67108687
2198569350,67108688
2198569350,67108689
2198569350,67108690
2198569350,67108691
2198569350,67108692
2198569350,67108693
2198569350,67108694
2198569350,67108695
2198569350,67108696
2198569350,67108697
2198569350,67108698
2198569350,67108699
2198569350,67108700
2198569350,67108701
2198569350,67108702
2198569350,67108703
2198569350,67108704
2198569350,67108705
2198569350,67108706
2198569350,67108707
2198569350,67108708
2198569350,67108709
2198569350,67108710
2198569350,67108711
2198569350,67108713
2198569350,67108714
2198569350,67108715
2198569350,67108716
2198569350,67108717
2198569350,67108718
2198569350,67108719
2198569350,67108720
2198569350,67108721
2198569350,67108722
2198569350,67108723
2198569350,67108724
2198569350,67108725
2198569350,67108726
2198569350,67108727
2198569350,67108728
2198569350,67108729
2198569350,67108730
2198569350,67108731
2198569350,67108732
2198569350,67108733
2198569350,67108734
2198569350,67108735
2198569350,67108736
2198569350,67108737
2198569350,67108738
2198569350,67108739
2198569350,67108740
2198569350,67108741
2198569350,67108742
2198569350,67108743
2198569350,67108744
2198569350,67108745
2198569350,67108746
2198569350,67108747
2198569350,67108748
2198569350,67108749
2198569350,67108750
2198569350,67108751
2198569350,67108752
2198569350,67108753
2198569350,67108754
2198569350,67108755
2198569350,67108756
2198569350,67108757
2198569350,67108758
2198569350,67108759
2198569350,67108760
2198569350,67108761
2198569350,67108762
2198569350,67108763
2198569350,67108764
2198569350,67108765
2198569350,67108766
2198569350,67108767
2198569350,67108768
2198569350,67108769
2198569350,67108770
2198569350,67108771
2198569350,67108772
2198569350,67108773
2198569350,67108774
2198569350,67108775
2198569350,67108776
2198569350,67108777
2198569350,67108778
2198569350,67108779
2198569350,67108780
2198569350,67108781
2198569350,67108782
2198569350,67108783
2198569350,67108784
2198569350,67108785
2198569350,67108786
2198569350,67108787
2198569350,67108788
2198569350,67108789
2198569350,67108790
2198569350,67108792
2198569350,67108793
2198569350,67108794
2198569350,67108795
2198569350,67108796
2198569350,67108797
2198569350,67108798
2198569350,67108799
2198569350,67108800
2198569350,67108801
2198569350,67108802
2198569350,67108803
2198569350,67108804
2198569350,67108805
2198569350,67108806
2198569350,67108807
2198569350,67108808
2198569350,67108809
2198569350,67108810
2198569350,67108811
2198569350,67108813
2198569350,67108814
2198569350,67108819
2198569350,67108820
2198569350,67108821
2198569350,67108822
4397138700,131259
4397138700,131260
4397138700,67108285
4397138700,67108286
