73285645,67108323
73285645,67108324
73285645,67108325
73285645,67108326
73285645,67108327
73285645,67108328
73285645,67108399
73285645,67108641
2198569350,67108322
2198569350,67108329
2198569350,67108330
2198569350,67108368
2198569350,67108369
2198569350,67108610
2198569350,67108817
2271854995,67108370
2271854995,67108371
2271854995,67108378
2271854995,67108611
2271854995,67108612
2271854995,67108613
2271854995,67108614
4397138700,67108379
4397138700,67108380
4397138700,67108381
4397138700,67108486
4397138700,67108621
4397138700,67108622
4397138700,67108623
4397138700,67108624
4470424345,67108331
4470424345,67108332
4470424345,67108372
4470424345,67108382
4470424345,67108450
4470424345,67108573
4470424345,67108574
4470424345,67108821
6595708050,67108815
6595708050,67108818
6595708050,67108819
6595708050,67108823
