73285645,67108243
73285645,67108244
73285645,67108282
73285645,67108322
73285645,67108323
73285645,67108324
73285645,67108325
73285645,67108326
73285645,67108327
73285645,67108328
73285645,67108329
73285645,67108330
73285645,67108375
73285645,67108376
73285645,67108377
73285645,67108378
73285645,67108379
73285645,67108380
73285645,67108381
73285645,67108382
73285645,67108383
73285645,67108384
73285645,67108385
73285645,67108386
73285645,67108387
73285645,67108388
73285645,67108389
73285645,67108390
73285645,67108391
73285645,67108392
73285645,67108393
73285645,67108394
73285645,67108395
73285645,67108396
73285645,67108397
73285645,67108398
73285645,67108399
73285645,67108617
73285645,67108618
73285645,67108619
73285645,67108620
73285645,67108621
73285645,67108622
73285645,67108623
73285645,67108624
73285645,67108625
73285645,67108626
73285645,67108627
73285645,67108628
73285645,67108629
73285645,67108630
73285645,67108631
73285645,67108632
73285645,67108633
73285645,67108634
73285645,67108635
73285645,67108636
73285645,67108637
73285645,67108638
73285645,67108639
73285645,67108640
73285645,67108641
73285645,67108817
73285645,67108818
2198569350,67108241
2198569350,67108284
2198569350,67108342
2198569350,67108343
2198569350,67108344
2198569350,67108345
2198569350,67108346
2198569350,67108347
2198569350,67108348
2198569350,67108349
2198569350,67108350
2198569350,67108351
2198569350,67108352
2198569350,67108353
2198569350,67108354
2198569350,67108355
2198569350,67108356
2198569350,67108357
2198569350,67108358
2198569350,67108359
2198569350,67108360
2198569350,67108361
2198569350,67108362
2198569350,67108363
2198569350,67108364
2198569350,67108365
2198569350,67108366
2198569350,67108367
2198569350,67108368
2198569350,67108369
2198569350,67108585
2198569350,67108586
2198569350,67108587
2198569350,67108588
2198569350,67108589
2198569350,67108590
2198569350,67108591
2198569350,67108592
2198569350,67108593
2198569350,67108594
2198569350,67108595
2198569350,67108596
2198569350,67108597
2198569350,67108598
2198569350,67108599
2198569350,67108600
2198569350,67108601
2198569350,67108602
2198569350,67108603
2198569350,67108604
2198569350,67108605
2198569350,67108606
2198569350,67108607
2198569350,67108608
2198569350,67108609
2198569350,67108610
2198569350,67108611
2198569350,67108816
2271854995,67108370
2271854995,67108371
2271854995,67108372
2271854995,67108373
2271854995,67108374
2271854995,67108400
2271854995,67108612
2271854995,67108613
2271854995,67108614
2271854995,67108615
2271854995,67108616
2271854995,67108642
4397138700,67108401
4397138700,67108402
4397138700,67108403
4397138700,67108404
4397138700,67108405
4397138700,67108406
4397138700,67108407
4397138700,67108408
4397138700,67108409
4397138700,67108410
4397138700,67108411
4397138700,67108412
4397138700,67108413
4397138700,67108414
4397138700,67108415
4397138700,67108416
4397138700,67108417
4397138700,67108418
4397138700,67108419
4397138700,67108420
4397138700,67108421
4397138700,67108422
4397138700,67108423
4397138700,67108424
4397138700,67108425
4397138700,67108426
4397138700,67108427
4397138700,67108428
4397138700,67108429
4397138700,67108430
4397138700,67108431
4397138700,67108486
4397138700,67108643
4397138700,67108644
4397138700,67108645
4397138700,67108646
4397138700,67108647
4397138700,67108648
4397138700,67108649
4397138700,67108650
4397138700,67108651
4397138700,67108652
4397138700,67108653
4397138700,67108654
4397138700,67108655
4397138700,67108656
4397138700,67108657
4397138700,67108658
4397138700,67108659
4397138700,67108660
4397138700,67108661
4397138700,67108662
4397138700,67108663
4397138700,67108664
4397138700,67108665
4397138700,67108666
4397138700,67108667
4397138700,67108668
4397138700,67108669
4397138700,67108670
4397138700,67108671
4397138700,67108672
4397138700,67108673
4470424345,67108332
4470424345,67108333
4470424345,67108334
4470424345,67108338
4470424345,67108339
4470424345,67108340
4470424345,67108341
4470424345,67108450
4470424345,67108575
4470424345,67108577
4470424345,67108580
4470424345,67108581
4470424345,67108582
4470424345,67108584
4470424345,67108815
6595708050,131259
6595708050,131260
6595708050,67108335
6595708050,67108336
6595708050,67108337
6595708050,67108434
6595708050,67108435
6595708050,67108436
6595708050,67108437
6595708050,67108438
6595708050,67108439
6595708050,67108440
6595708050,67108441
6595708050,67108445
6595708050,67108449
6595708050,67108451
6595708050,67108457
6595708050,67108458
6595708050,67108459
6595708050,67108460
6595708050,67108461
6595708050,67108462
6595708050,67108463
6595708050,67108464
6595708050,67108465
6595708050,67108466
6595708050,67108467
6595708050,67108468
6595708050,67108572
6595708050,67108573
6595708050,67108576
6595708050,67108578
6595708050,67108579
6595708050,67108583
6595708050,67108677
6595708050,67108678
6595708050,67108679
6595708050,67108680
6595708050,67108681
6595708050,67108682
6595708050,67108683
6595708050,67108684
6595708050,67108692
6595708050,67108694
6595708050,67108696
6595708050,67108697
6595708050,67108699
6595708050,67108700
6595708050,67108701
6595708050,67108702
6595708050,67108703
6595708050,67108704
6595708050,67108705
6595708050,67108706
6595708050,67108707
6595708050,67108708
6595708050,67108709
6595708050,67108710
6595708050,67108711
6595708050,67108819
6595708050,67108820
6595708050,67108823
6668993695,67108331
6668993695,67108432
6668993695,67108433
6668993695,67108442
6668993695,67108443
6668993695,67108444
6668993695,67108447
6668993695,67108448
6668993695,67108452
6668993695,67108453
6668993695,67108454
6668993695,67108455
6668993695,67108456
6668993695,67108469
6668993695,67108470
6668993695,67108471
6668993695,67108472
6668993695,67108473
6668993695,67108474
6668993695,67108475
6668993695,67108476
6668993695,67108477
6668993695,67108479
6668993695,67108482
6668993695,67108483
6668993695,67108484
6668993695,67108485
6668993695,67108491
6668993695,67108571
6668993695,67108574
6668993695,67108674
6668993695,67108675
6668993695,67108676
6668993695,67108685
6668993695,67108686
6668993695,67108687
6668993695,67108689
6668993695,67108690
6668993695,67108691
6668993695,67108693
6668993695,67108695
6668993695,67108698
6668993695,67108712
6668993695,67108713
6668993695,67108714
6668993695,67108715
6668993695,67108716
6668993695,67108717
6668993695,67108718
6668993695,67108719
6668993695,67108721
6668993695,67108725
6668993695,67108726
6668993695,67108727
6668993695,67108728
6668993695,67108733
6668993695,67108734
6668993695,67108814
6668993695,67108821
8794277400,67108446
8794277400,67108478
8794277400,67108480
8794277400,67108481
8794277400,67108487
8794277400,67108488
8794277400,67108489
8794277400,67108490
8794277400,67108492
8794277400,67108493
8794277400,67108494
8794277400,67108495
8794277400,67108496
8794277400,67108497
8794277400,67108498
8794277400,67108499
8794277400,67108500
8794277400,67108501
8794277400,67108502
8794277400,67108503
8794277400,67108504
8794277400,67108505
8794277400,67108506
8794277400,67108507
8794277400,67108508
8794277400,67108509
8794277400,67108510
8794277400,67108511
8794277400,67108512
8794277400,67108570
8794277400,67108688
8794277400,67108720
8794277400,67108722
8794277400,67108723
8794277400,67108724
8794277400,67108729
8794277400,67108730
8794277400,67108731
8794277400,67108732
8794277400,67108735
8794277400,67108736
8794277400,67108737
8794277400,67108738
8794277400,67108739
8794277400,67108740
8794277400,67108741
8794277400,67108742
8794277400,67108743
8794277400,67108744
8794277400,67108745
8794277400,67108746
8794277400,67108747
8794277400,67108748
8794277400,67108749
8794277400,67108750
8794277400,67108751
8794277400,67108752
8794277400,67108753
8794277400,67108754
8794277400,67108755
8794277400,67108813
8867563045,67108513
8867563045,67108514
8867563045,67108515
8867563045,67108516
8867563045,67108517
8867563045,67108518
8867563045,67108519
8867563045,67108520
8867563045,67108521
8867563045,67108522
8867563045,67108523
8867563045,67108524
8867563045,67108525
8867563045,67108528
8867563045,67108529
8867563045,67108530
8867563045,67108531
8867563045,67108536
8867563045,67108537
8867563045,67108539
8867563045,67108542
8867563045,67108543
8867563045,67108544
8867563045,67108545
8867563045,67108546
8867563045,67108550
8867563045,67108553
8867563045,67108554
8867563045,67108556
8867563045,67108557
8867563045,67108756
8867563045,67108757
8867563045,67108758
8867563045,67108759
8867563045,67108760
8867563045,67108761
8867563045,67108762
8867563045,67108763
8867563045,67108764
8867563045,67108765
8867563045,67108766
8867563045,67108767
8867563045,67108771
8867563045,67108772
8867563045,67108773
8867563045,67108774
8867563045,67108778
8867563045,67108779
8867563045,67108780
8867563045,67108781
8867563045,67108782
8867563045,67108785
8867563045,67108786
8867563045,67108787
8867563045,67108788
8867563045,67108796
8867563045,67108798
8867563045,67108799
8867563045,67108800
8867563045,67108812
8867563045,67108822
