73285645,67108243
73285645,67108244
73285645,67108282
73285645,67108322
73285645,67108323
73285645,67108324
73285645,67108325
73285645,67108326
73285645,67108327
73285645,67108328
73285645,67108329
73285645,67108330
73285645,67108375
73285645,67108376
73285645,67108377
73285645,67108378
73285645,67108379
73285645,67108380
73285645,67108381
73285645,67108382
73285645,67108383
73285645,67108384
73285645,67108385
73285645,67108386
73285645,67108387
73285645,67108388
73285645,67108389
73285645,67108390
73285645,67108391
73285645,67108392
73285645,67108393
73285645,67108394
73285645,67108395
73285645,67108396
73285645,67108397
73285645,67108398
73285645,67108399
73285645,67108617
73285645,67108618
73285645,67108619
73285645,67108620
73285645,67108621
73285645,67108622
73285645,67108623
73285645,67108624
73285645,67108625
73285645,67108626
73285645,67108627
73285645,67108628
73285645,67108629
73285645,67108630
73285645,67108631
73285645,67108632
73285645,67108633
73285645,67108634
73285645,67108635
73285645,67108636
73285645,67108637
73285645,67108638
73285645,67108639
73285645,67108640
73285645,67108641
73285645,67108817
73285645,67108818
2198569350,67108241
2198569350,67108284
2198569350,67108360
2198569350,67108361
2198569350,67108362
2198569350,67108363
2198569350,67108364
2198569350,67108365
2198569350,67108366
2198569350,67108367
2198569350,67108368
2198569350,67108369
2198569350,67108602
2198569350,67108603
2198569350,67108604
2198569350,67108605
2198569350,67108606
2198569350,67108607
2198569350,67108608
2198569350,67108609
2198569350,67108610
2198569350,67108611
2198569350,67108816
