73285645,67108243
73285645,67108244
73285645,67108282
73285645,67108322
73285645,67108323
73285645,67108324
73285645,67108325
73285645,67108326
73285645,67108327
73285645,67108328
73285645,67108329
73285645,67108330
73285645,67108375
73285645,67108376
73285645,67108377
73285645,67108378
73285645,67108379
73285645,67108380
73285645,67108381
73285645,67108382
73285645,67108383
73285645,67108384
73285645,67108385
73285645,67108386
73285645,67108387
73285645,67108388
73285645,67108389
73285645,67108390
73285645,67108391
73285645,67108392
73285645,67108393
73285645,67108394
73285645,67108395
73285645,67108396
73285645,67108397
73285645,67108398
73285645,67108399
73285645,67108617
73285645,67108618
73285645,67108619
73285645,67108620
73285645,67108621
73285645,67108622
73285645,67108623
73285645,67108624
73285645,67108625
73285645,67108626
73285645,67108627
73285645,67108628
73285645,67108629
73285645,67108630
73285645,67108631
73285645,67108632
73285645,67108633
73285645,67108634
73285645,67108635
73285645,67108636
73285645,67108637
73285645,67108638
73285645,67108639
73285645,67108640
73285645,67108641
73285645,67108817
73285645,67108818
2198569350,67108241
2198569350,67108284
2198569350,67108342
2198569350,67108343
2198569350,67108344
2198569350,67108345
2198569350,67108346
2198569350,67108347
2198569350,67108348
2198569350,67108349
2198569350,67108350
2198569350,67108351
2198569350,67108352
2198569350,67108353
2198569350,67108354
2198569350,67108355
2198569350,67108356
2198569350,67108357
2198569350,67108358
2198569350,67108359
2198569350,67108360
2198569350,67108361
2198569350,67108362
2198569350,67108363
2198569350,67108364
2198569350,67108365
2198569350,67108366
2198569350,67108367
2198569350,67108368
2198569350,67108369
2198569350,67108585
2198569350,67108586
2198569350,67108587
2198569350,67108588
2198569350,67108589
2198569350,67108590
2198569350,67108591
2198569350,67108592
2198569350,67108593
2198569350,67108594
2198569350,67108595
2198569350,67108596
2198569350,67108597
2198569350,67108598
2198569350,67108599
2198569350,67108600
2198569350,67108601
2198569350,67108602
2198569350,67108603
2198569350,67108604
2198569350,67108605
2198569350,67108606
2198569350,67108607
2198569350,67108608
2198569350,67108609
2198569350,67108610
2198569350,67108611
2198569350,67108816
2271854995,67108370
2271854995,67108371
2271854995,67108372
2271854995,67108373
2271854995,67108374
2271854995,67108400
2271854995,67108612
2271854995,67108613
2271854995,67108614
2271854995,67108615
2271854995,67108616
2271854995,67108642
4397138700,67108402
4397138700,67108405
4397138700,67108406
4397138700,67108407
4397138700,67108409
4397138700,67108413
4397138700,67108414
4397138700,67108415
4397138700,67108416
4397138700,67108417
4397138700,67108418
4397138700,67108419
4397138700,67108421
4397138700,67108422
4397138700,67108423
4397138700,67108424
4397138700,67108425
4397138700,67108428
4397138700,67108429
4397138700,67108430
4397138700,67108431
4397138700,67108647
4397138700,67108648
4397138700,67108649
4397138700,67108651
4397138700,67108655
4397138700,67108657
4397138700,67108658
4397138700,67108659
4397138700,67108660
4397138700,67108661
4397138700,67108662
4397138700,67108663
4397138700,67108664
4397138700,67108665
4397138700,67108666
4397138700,67108667
4397138700,67108670
4397138700,67108672
4397138700,67108673
