73285645,67108241
73285645,67108242
73285645,67108243
73285645,67108244
73285645,67108282
73285645,67108322
73285645,67108323
73285645,67108324
73285645,67108325
73285645,67108326
73285645,67108327
73285645,67108328
73285645,67108329
73285645,67108330
73285645,67108344
73285645,67108345
73285645,67108346
73285645,67108347
73285645,67108348
73285645,67108349
73285645,67108350
73285645,67108351
73285645,67108352
73285645,67108353
73285645,67108354
73285645,67108355
73285645,67108356
73285645,67108357
73285645,67108358
73285645,67108359
73285645,67108360
73285645,67108361
73285645,67108362
73285645,67108363
73285645,67108364
73285645,67108365
73285645,67108366
73285645,67108367
73285645,67108368
73285645,67108369
73285645,67108370
73285645,67108371
73285645,67108372
73285645,67108373
73285645,67108374
73285645,67108375
73285645,67108376
73285645,67108377
73285645,67108378
73285645,67108379
73285645,67108380
73285645,67108381
73285645,67108382
73285645,67108383
73285645,67108384
73285645,67108385
73285645,67108386
73285645,67108387
73285645,67108388
73285645,67108389
73285645,67108390
73285645,67108391
73285645,67108392
73285645,67108393
73285645,67108394
73285645,67108395
73285645,67108396
73285645,67108397
73285645,67108398
73285645,67108399
73285645,67108587
73285645,67108588
73285645,67108589
73285645,67108590
73285645,67108591
73285645,67108592
73285645,67108593
73285645,67108594
73285645,67108595
73285645,67108596
73285645,67108597
73285645,67108598
73285645,67108599
73285645,67108600
73285645,67108601
73285645,67108602
73285645,67108603
73285645,67108604
73285645,67108605
73285645,67108606
73285645,67108607
73285645,67108608
73285645,67108609
73285645,67108610
73285645,67108611
73285645,67108612
73285645,67108613
73285645,67108614
73285645,67108615
73285645,67108616
73285645,67108617
73285645,67108618
73285645,67108619
73285645,67108620
73285645,67108621
73285645,67108622
73285645,67108623
73285645,67108624
73285645,67108625
73285645,67108626
73285645,67108627
73285645,67108628
73285645,67108629
73285645,67108630
73285645,67108631
73285645,67108632
73285645,67108633
73285645,67108634
73285645,67108635
73285645,67108636
73285645,67108637
73285645,67108638
73285645,67108639
73285645,67108640
73285645,67108641
73285645,67108816
73285645,67108817
73285645,67108818
2198569350,67108284
2198569350,67108331
2198569350,67108332
2198569350,67108333
2198569350,67108334
2198569350,67108335
2198569350,67108336
2198569350,67108337
2198569350,67108338
2198569350,67108339
2198569350,67108340
2198569350,67108341
2198569350,67108342
2198569350,67108343
2198569350,67108441
2198569350,67108487
2198569350,67108496
2198569350,67108512
2198569350,67108515
2198569350,67108517
2198569350,67108518
2198569350,67108520
2198569350,67108521
2198569350,67108529
2198569350,67108544
2198569350,67108547
2198569350,67108549
2198569350,67108556
2198569350,67108557
2198569350,67108564
2198569350,67108568
2198569350,67108570
2198569350,67108571
2198569350,67108573
2198569350,67108574
2198569350,67108575
2198569350,67108576
2198569350,67108577
2198569350,67108578
2198569350,67108579
2198569350,67108580
2198569350,67108581
2198569350,67108582
2198569350,67108583
2198569350,67108584
2198569350,67108585
2198569350,67108586
2198569350,67108683
2198569350,67108684
2198569350,67108730
2198569350,67108736
2198569350,67108754
2198569350,67108758
2198569350,67108759
2198569350,67108761
2198569350,67108763
2198569350,67108789
2198569350,67108792
2198569350,67108799
2198569350,67108807
2198569350,67108811
2198569350,67108812
2198569350,67108813
2198569350,67108815
2198569350,67108819
2198569350,67108820
2198569350,67108821
2198569350,67108822
2198569350,67108823
2271854995,67108400
2271854995,67108401
2271854995,67108402
2271854995,67108403
2271854995,67108405
2271854995,67108406
2271854995,67108407
2271854995,67108408
2271854995,67108409
2271854995,67108410
2271854995,67108412
2271854995,67108413
2271854995,67108414
2271854995,67108415
2271854995,67108416
2271854995,67108417
2271854995,67108418
2271854995,67108419
2271854995,67108420
2271854995,67108421
2271854995,67108422
2271854995,67108423
2271854995,67108424
2271854995,67108425
2271854995,67108426
2271854995,67108427
2271854995,67108428
2271854995,67108429
2271854995,67108430
2271854995,67108431
2271854995,67108432
2271854995,67108433
2271854995,67108434
2271854995,67108642
2271854995,67108643
2271854995,67108644
2271854995,67108645
2271854995,67108646
2271854995,67108647
2271854995,67108648
2271854995,67108649
2271854995,67108650
2271854995,67108651
2271854995,67108652
2271854995,67108653
2271854995,67108654
2271854995,67108655
2271854995,67108656
2271854995,67108657
2271854995,67108658
2271854995,67108659
2271854995,67108660
2271854995,67108661
2271854995,67108662
2271854995,67108663
2271854995,67108664
2271854995,67108665
2271854995,67108666
2271854995,67108667
2271854995,67108668
2271854995,67108669
2271854995,67108670
2271854995,67108671
2271854995,67108672
2271854995,67108673
2271854995,67108675
2271854995,67108676
4397138700,131259
4397138700,131260
4397138700,67108404
4397138700,67108411
4397138700,67108435
4397138700,67108436
4397138700,67108437
4397138700,67108438
4397138700,67108439
4397138700,67108440
4397138700,67108442
4397138700,67108443
4397138700,67108444
4397138700,67108445
4397138700,67108446
4397138700,67108447
4397138700,67108448
4397138700,67108449
4397138700,67108450
4397138700,67108451
4397138700,67108452
4397138700,67108453
4397138700,67108454
4397138700,67108455
4397138700,67108456
4397138700,67108457
4397138700,67108458
4397138700,67108459
4397138700,67108460
4397138700,67108461
4397138700,67108462
4397138700,67108463
4397138700,67108464
4397138700,67108465
4397138700,67108466
4397138700,67108467
4397138700,67108468
4397138700,67108469
4397138700,67108470
4397138700,67108471
4397138700,67108472
4397138700,67108473
4397138700,67108474
4397138700,67108476
4397138700,67108477
4397138700,67108478
4397138700,67108479
4397138700,67108480
4397138700,67108481
4397138700,67108482
4397138700,67108483
4397138700,67108486
4397138700,67108674
4397138700,67108677
4397138700,67108678
4397138700,67108679
4397138700,67108680
4397138700,67108682
4397138700,67108685
4397138700,67108686
4397138700,67108687
4397138700,67108688
4397138700,67108689
4397138700,67108690
4397138700,67108691
4397138700,67108693
4397138700,67108694
4397138700,67108695
4397138700,67108697
4397138700,67108698
4397138700,67108699
4397138700,67108700
4397138700,67108701
4397138700,67108702
4397138700,67108703
4397138700,67108704
4397138700,67108705
4397138700,67108706
4397138700,67108707
4397138700,67108708
4397138700,67108709
4397138700,67108710
4397138700,67108711
4397138700,67108712
4397138700,67108713
4397138700,67108714
4397138700,67108715
4397138700,67108716
4397138700,67108718
4397138700,67108719
4397138700,67108720
4397138700,67108721
4397138700,67108722
4397138700,67108723
4397138700,67108724
4397138700,67108725
4470424345,67108286
4470424345,67108475
4470424345,67108488
4470424345,67108489
4470424345,67108490
4470424345,67108493
4470424345,67108495
4470424345,67108497
4470424345,67108502
4470424345,67108503
4470424345,67108506
4470424345,67108507
4470424345,67108510
4470424345,67108511
4470424345,67108513
4470424345,67108523
4470424345,67108527
4470424345,67108533
4470424345,67108537
4470424345,67108539
4470424345,67108540
4470424345,67108543
4470424345,67108545
4470424345,67108546
4470424345,67108551
4470424345,67108559
4470424345,67108565
4470424345,67108681
4470424345,67108692
4470424345,67108729
4470424345,67108731
4470424345,67108732
4470424345,67108733
4470424345,67108735
4470424345,67108737
4470424345,67108740
4470424345,67108742
4470424345,67108744
4470424345,67108746
4470424345,67108748
4470424345,67108750
4470424345,67108752
4470424345,67108756
4470424345,67108760
4470424345,67108765
4470424345,67108768
4470424345,67108769
4470424345,67108779
4470424345,67108782
4470424345,67108785
4470424345,67108786
4470424345,67108787
4470424345,67108793
4470424345,67108796
4470424345,67108801
4470424345,67108806
6595708050,67108484
6595708050,67108485
6595708050,67108491
6595708050,67108492
6595708050,67108494
6595708050,67108498
6595708050,67108499
6595708050,67108500
6595708050,67108501
6595708050,67108504
6595708050,67108505
6595708050,67108508
6595708050,67108509
6595708050,67108514
6595708050,67108516
6595708050,67108519
6595708050,67108522
6595708050,67108524
6595708050,67108525
6595708050,67108526
6595708050,67108528
6595708050,67108530
6595708050,67108531
6595708050,67108532
6595708050,67108534
6595708050,67108535
6595708050,67108536
6595708050,67108538
6595708050,67108541
6595708050,67108542
6595708050,67108548
6595708050,67108550
6595708050,67108552
6595708050,67108553
6595708050,67108554
6595708050,67108555
6595708050,67108558
6595708050,67108560
6595708050,67108561
6595708050,67108562
6595708050,67108563
6595708050,67108566
6595708050,67108567
6595708050,67108569
6595708050,67108572
6595708050,67108696
6595708050,67108717
6595708050,67108726
6595708050,67108727
6595708050,67108728
6595708050,67108734
6595708050,67108738
6595708050,67108739
6595708050,67108741
6595708050,67108743
6595708050,67108745
6595708050,67108747
6595708050,67108749
6595708050,67108751
6595708050,67108753
6595708050,67108755
6595708050,67108757
6595708050,67108762
6595708050,67108764
6595708050,67108766
6595708050,67108767
6595708050,67108770
6595708050,67108771
6595708050,67108772
6595708050,67108773
6595708050,67108774
6595708050,67108775
6595708050,67108776
6595708050,67108777
6595708050,67108778
6595708050,67108780
6595708050,67108781
6595708050,67108783
6595708050,67108784
6595708050,67108788
6595708050,67108790
6595708050,67108791
6595708050,67108794
6595708050,67108795
6595708050,67108797
6595708050,67108798
6595708050,67108800
6595708050,67108802
6595708050,67108803
6595708050,67108804
6595708050,67108805
6595708050,67108808
6595708050,67108809
6595708050,67108810
6595708050,67108814
8794277400,67108245
8794277400,67108246
8794277400,67108247
8794277400,67108248
