73285645,67108243
73285645,67108244
73285645,67108282
73285645,67108322
73285645,67108323
73285645,67108324
73285645,67108325
73285645,67108326
73285645,67108327
73285645,67108328
73285645,67108329
73285645,67108330
73285645,67108385
73285645,67108386
73285645,67108387
73285645,67108388
73285645,67108389
73285645,67108390
73285645,67108391
73285645,67108392
73285645,67108393
73285645,67108394
73285645,67108395
73285645,67108396
73285645,67108397
73285645,67108398
73285645,67108399
73285645,67108628
73285645,67108629
73285645,67108630
73285645,67108631
73285645,67108632
73285645,67108633
73285645,67108634
73285645,67108635
73285645,67108636
73285645,67108637
73285645,67108638
73285645,67108639
73285645,67108640
73285645,67108641
73285645,67108817
73285645,67108818
